00110000001000010000000000000000
00100000001000010000000000000001
00110000010000100000000000000000
00100000010000100000111110100000
00110000011000110000000000000000
00100000001000010000000000000111
00110000100001000000000000000000
00100000100001000000000000000001
00110000101001010000000000000000
00000000010001000001000000100011
00010100010001011111111111111110
00100000010000100000111110100000
00000000000000010000100001000000
00000000011001000001100000100011
00010100011001011111111111111010	
00110000001000010000000000000000 
00100000001000010000000000000001  
00001000000000000000000000001001 